
  Obs  kommunenr  gate_gaardsnr  hus_bruksnr  bokstav_festenr  gaardsnr  bruksnr  seksjonsnr  leilighetsnr  same
-----  ---------  -------------  -----------  ---------------  --------  -------  ----------  ------------  ----
    1  0301       0102           0004                          00102     0004     001                          1
    2  0301       0210           0011         A                00210     0011                                  1
    3  0301       0301           0022                          00301     0022     002                          1
    4  1103       0044           0002                          00044     0002                                  1
    5  0301       0455           0007         B                00455     0007     001         0001             1
    6  1201       0512           0015                          00512     0015                                  1
    7  0301       0601           0033                          00601     0033     003                          1
    8  0301       0702           0009                          00702     0009                                  1
    9  3005       0810           0021                          00810     0021                                  1
   10  0301       0915           0044         C                00915     0044     001         0002             1

  Obs  gate_gaardsnr  hus_bruksnr  bokstav_festenr  gaardsnr  bruksnr  seksjonsnr  leilighetsnr  same
-----  -------------  -----------  ---------------  --------  -------  ----------  ------------  ----
    1  0102           0004                          00102     0004     001                          1
    2  0210           0011         A                00210     0011                                  1
    3  0301           0022                          00301     0022     002                          1
    4  0044           0002                          00044     0002                                  1
    5  0455           0007         B                00455     0007     001         0001             1
    6  0512           0015                          00512     0015                                  1
    7  0601           0033                          00601     0033     003                          1
    8  0702           0009                          00702     0009                                  1
    9  0810           0021                          00810     0021                                  1
   10  0915           0044         C                00915     0044     001         0002             1


